+7 898 051 51 14
+7 825 881 59 84
+7 909 874 34 56
+7 400 862 79 57
+7 127 958 73 98
+7 645 222 25 44
+7 615 755 54 08
+7 055 015 99 18
+7 207 359 41 75
+7 881 041 52 37
+7 639 429 34 70
+7 238 185 19 80
+7 820 128 74 81
+7 692 031 78 64
+7 630 451 85 97
+7 432 621 61 20
+7 011 178 76 25
+7 125 539 99 03
+7 589 455 86 29
+7 309 745 05 26
+7 311 586 92 89
+7 572 067 85 05
+7 030 921 01 34
+7 565 609 34 53
+7 162 585 57 71
+7 160 092 44 97
+7 583 211 21 99
+7 554 195 49 37
+7 733 925 32 25
+7 716 339 88 17
+7 275 999 64 46
+7 780 052 37 49
+7 655 086 84 22
+7 901 671 21 24
+7 367 275 93 38
+7 405 440 43 68
+7 813 795 06 89
+7 888 227 39 36
+7 915 742 27 54
+7 329 375 27 37
+7 180 612 63 73
+7 761 807 61 81
+7 489 634 59 43
+7 379 836 01 86
+7 262 427 28 46
+7 039 168 68 79
+7 585 153 29 91
+7 808 826 43 82
+7 205 649 49 26
+7 389 057 59 97
+7 619 614 97 13
+7 594 206 76 39
+7 505 254 43 65
+7 556 750 33 16
+7 902 916 41 27
+7 128 507 95 68
+7 065 606 43 91
+7 710 043 24 47
+7 513 705 98 25
+7 815 809 74 56
+7 091 765 46 84
+7 360 157 52 43
+7 808 540 74 14
+7 031 243 52 47
+7 060 990 78 62
+7 724 137 29 68
+7 302 431 52 90
+7 483 775 60 05
+7 027 536 26 08
+7 289 028 46 75
+7 083 641 14 96
+7 172 674 89 91
+7 035 822 39 19
+7 996 504 82 99
+7 677 105 33 08
+7 983 454 96 01
+7 975 851 95 45
+7 595 126 44 87
+7 950 148 21 17
+7 306 932 95 14
+7 220 327 72 55
+7 655 046 93 76
+7 049 434 88 62
+7 599 766 49 01
+7 098 156 27 11
+7 617 377 83 19
+7 642 255 71 09
+7 899 045 42 80
+7 194 905 72 22
+7 317 518 39 34
+7 983 073 48 61
+7 234 334 94 37
+7 075 746 51 26
+7 007 960 66 23
+7 638 667 98 85
+7 974 439 42 58
+7 999 876 22 77
+7 983 058 25 41
+7 888 131 24 89
+7 765 562 24 56
+7 884 916 73 25
+7 778 288 25 26
+7 164 467 22 12
+7 624 784 88 78
+7 005 133 53 77
+7 896 363 71 64
+7 496 843 43 50
+7 539 039 91 75
+7 631 434 84 60
+7 296 156 44 71
+7 416 839 85 29
+7 650 050 65 26
+7 242 198 54 87
+7 499 136 12 63
+7 469 832 68 70
+7 074 677 09 03
+7 403 794 77 56
+7 351 729 45 52
+7 041 057 16 90
+7 202 962 21 54
+7 994 796 96 95
+7 545 313 69 06
+7 125 949 08 52
+7 546 670 43 25
+7 892 681 47 65
+7 557 786 72 58
+7 100 292 21 47
+7 142 882 26 29
+7 435 318 27 37
+7 748 898 52 90
+7 126 653 54 09
+7 095 873 39 00
+7 536 432 01 03
+7 405 047 63 69
+7 961 832 54 15
+7 079 605 92 02
+7 779 840 48 95
+7 310 249 33 58
+7 604 585 17 45
+7 400 735 53 48
+7 117 689 21 79
+7 881 946 04 80
+7 334 678 30 59
+7 437 388 52 64
+7 442 554 61 75
+7 732 416 11 39
+7 287 283 52 34
+7 061 302 21 81
+7 634 008 40 10
+7 219 643 17 83
+7 421 966 96 04
+7 575 637 54 88
+7 856 744 29 74
+7 952 255 75 15
+7 558 648 40 65
+7 575 131 10 88
+7 060 236 74 94
+7 713 502 72 93
+7 622 615 48 41
+7 892 364 96 80
+7 477 017 39 78
+7 544 632 27 58
+7 841 456 38 43
+7 661 980 06 43
+7 065 811 17 20
+7 812 492 06 42
+7 437 213 40 08
+7 807 635 96 17
+7 963 265 92 62
+7 023 480 50 20
+7 227 691 76 11
+7 963 345 60 48
+7 958 528 28 26
+7 857 299 05 52
+7 942 470 75 16
+7 701 021 09 16
+7 442 643 98 49
+7 843 086 20 45
+7 488 524 19 84
+7 455 926 25 20
+7 001 549 83 59
+7 144 752 51 40
+7 086 288 20 56
+7 877 517 14 61
+7 060 226 05 53
+7 749 514 13 22
+7 373 210 62 98
+7 601 338 47 41
+7 973 961 96 50
+7 427 906 03 91
+7 565 423 78 07
+7 745 227 05 29
+7 628 781 71 46
+7 480 620 54 66
+7 844 643 44 14
+7 090 044 55 80
+7 033 075 90 90
+7 010 478 28 59
+7 700 116 31 95
+7 054 522 27 82
+7 126 319 43 51
+7 574 880 92 40
+7 861 858 50 27
+7 426 605 66 61
+7 726 201 99 72
+7 733 828 60 21
+7 039 252 53 22
+7 826 919 52 34
+7 774 519 35 89
+7 132 745 32 33
+7 019 896 93 42
+7 702 447 87 59
+7 502 103 18 66
+7 845 314 16 40
+7 643 474 08 18
+7 020 570 54 04
+7 651 615 80 63
+7 981 552 76 43
+7 087 568 54 13
+7 423 913 49 96
+7 715 229 05 94
+7 519 577 17 40
+7 657 829 80 37
+7 958 192 85 45
+7 388 431 79 44
+7 723 399 04 80
+7 522 500 32 00
+7 445 451 23 58
+7 043 427 38 99
+7 147 343 32 90
+7 893 096 88 69
+7 377 401 01 54
+7 469 453 98 55
+7 668 415 17 81
+7 365 755 78 14
+7 602 952 15 15
+7 226 222 58 62
+7 067 576 91 34
+7 940 974 12 26
+7 115 881 41 53
+7 449 678 22 46
+7 911 662 62 19
+7 776 244 14 50
+7 051 267 35 41
+7 337 541 08 52
+7 210 938 25 41
+7 246 904 88 81
+7 624 926 28 00
+7 963 056 57 10
+7 134 857 23 39
+7 088 833 83 61
+7 738 122 83 08
+7 973 077 83 65
+7 216 789 61 04
+7 502 193 29 80
+7 847 702 51 88
+7 316 295 32 01
+7 500 071 67 45
+7 531 828 49 34
+7 572 425 33 08
+7 252 185 98 90
+7 881 436 98 86
+7 112 724 12 51
+7 972 649 41 73
+7 219 666 63 87
+7 046 676 15 01
+7 226 816 23 28
+7 799 454 95 83
+7 275 042 57 41
+7 735 464 09 11
+7 524 386 32 99
+7 282 354 97 16
+7 051 127 99 84
+7 135 095 73 02
+7 722 146 70 97
+7 290 110 76 04
+7 283 849 87 13
+7 418 233 91 11
+7 919 317 44 75
+7 846 397 12 04
+7 105 694 85 69
+7 776 305 55 80
+7 000 432 69 44
+7 997 458 55 74
+7 550 586 26 14
+7 475 323 50 70
+7 758 438 03 93
+7 485 706 94 30
+7 973 120 57 51
+7 691 666 00 40
+7 823 620 46 12
+7 358 744 43 82
+7 861 265 98 56
+7 606 891 81 38
+7 671 633 59 73
+7 019 815 57 86
+7 637 331 57 63
+7 437 728 59 05
+7 433 555 88 32
+7 865 815 80 50
+7 135 111 74 14
+7 875 914 93 97
+7 075 205 55 79
+7 965 359 95 79
+7 516 320 60 78
+7 022 747 49 81
+7 739 605 46 78
+7 182 837 07 60
+7 171 058 95 84
+7 496 288 38 24
+7 373 457 47 55
+7 108 180 19 85
+7 885 065 81 78
+7 208 332 84 03
+7 419 410 78 29
+7 603 904 64 66
+7 966 821 57 37
+7 773 916 63 66
+7 137 851 03 89
+7 444 844 37 68
+7 542 343 25 07
+7 083 068 33 40
+7 691 802 10 65
+7 408 313 75 84
+7 974 243 48 05
+7 061 612 10 11
+7 806 000 51 94
+7 881 477 29 62
+7 170 450 00 05
+7 322 527 39 16
+7 035 870 22 32
+7 183 532 31 44
+7 469 875 06 27
+7 655 363 25 84
+7 498 913 27 82
+7 891 020 39 12
+7 503 602 06 37
+7 386 375 45 33
+7 880 433 87 69
+7 211 571 43 20
+7 144 740 52 67
+7 595 391 90 31
+7 175 066 73 16
+7 938 813 54 95
+7 859 731 99 34
+7 770 521 07 28
+7 706 436 74 76
+7 384 172 17 33
+7 321 081 90 75
+7 509 685 07 72
+7 434 449 68 47
+7 138 685 44 45
+7 662 681 00 17
+7 000 739 56 43
+7 894 145 42 24
+7 948 570 72 83
+7 726 197 67 63
+7 520 355 88 61
+7 286 724 09 96
+7 657 709 28 53
+7 228 922 47 23
+7 657 937 68 59
+7 714 291 12 02
+7 922 175 11 87
+7 557 370 50 00
+7 536 632 35 23
+7 368 136 21 95
+7 147 542 61 89
+7 972 662 54 21
+7 231 758 71 42
+7 750 197 57 11
+7 084 243 22 30
+7 431 021 72 70
+7 252 911 11 69
+7 849 155 42 84
+7 443 736 36 85
+7 781 507 41 97
+7 497 988 17 41
+7 809 086 68 31
+7 445 450 19 35
+7 562 597 42 41
+7 776 974 08 46
+7 140 816 79 11
+7 817 243 44 94
+7 014 337 52 61
+7 005 823 89 97
+7 366 874 69 33
+7 639 302 48 70
+7 144 573 90 89
+7 415 480 69 54
+7 620 132 79 20
+7 436 837 80 92
+7 394 746 73 24
+7 133 586 40 90
+7 644 784 83 82
+7 449 305 23 96
+7 589 792 21 00
+7 522 977 12 52
+7 807 752 59 07
+7 469 246 89 57
+7 790 747 79 72
+7 550 768 08 14
+7 431 178 48 44
+7 669 902 19 82
+7 058 933 47 21
+7 016 041 69 62
+7 810 913 05 65
+7 013 404 34 33
+7 605 727 06 05
+7 836 747 89 50
+7 752 885 53 50
+7 792 089 54 68
+7 195 168 47 20
+7 776 094 13 89
+7 414 851 76 56
+7 991 762 11 42
+7 847 944 37 27
+7 611 780 27 72
+7 914 109 73 66
+7 846 194 26 20
+7 273 308 97 83
+7 632 529 22 79
+7 479 520 09 63
+7 929 543 11 49
+7 607 546 66 97
+7 528 444 80 67
+7 678 813 82 28
+7 003 734 58 63
+7 124 765 94 62
+7 927 190 90 33
+7 600 415 06 69
+7 496 398 71 11
+7 257 375 46 63
+7 059 724 49 04
+7 146 789 79 08
+7 648 535 92 98
+7 184 823 79 90
+7 120 055 49 74
+7 433 249 71 92
+7 074 908 03 12
+7 356 632 02 30
+7 747 886 81 77
+7 571 073 38 37
+7 597 288 97 85
+7 500 866 54 29
+7 483 097 63 75
+7 148 672 61 18
+7 375 658 27 03
+7 115 607 32 89
+7 514 081 58 47
+7 533 553 21 69
+7 150 669 90 77
+7 047 423 70 60
+7 417 156 35 76
+7 317 231 19 54
+7 032 432 09 79
+7 639 562 73 27
+7 822 364 43 33
+7 442 046 49 11
+7 579 891 87 70
+7 642 432 89 70
+7 975 558 33 30
+7 927 178 06 49
+7 021 697 99 89
+7 321 953 24 40
+7 985 057 56 38
+7 162 915 51 17
+7 917 919 69 67
+7 866 336 99 06
+7 538 180 40 62
+7 530 025 45 67
+7 770 515 61 35
+7 488 512 09 89
+7 261 039 56 97
+7 532 813 29 28
+7 273 925 62 18
+7 650 625 99 67
+7 485 076 81 85
+7 123 060 59 91
+7 966 358 75 95
+7 557 319 19 38
+7 864 060 73 53
+7 398 398 90 20
+7 286 439 76 87
+7 506 313 36 55
+7 045 679 88 71
+7 773 325 33 26
+7 577 451 60 56
+7 834 470 74 34
+7 741 698 38 12
+7 749 309 54 88
+7 580 579 37 17
+7 436 942 82 32
+7 532 603 56 42
+7 177 565 49 70
+7 532 065 75 34
+7 559 185 33 49
+7 550 034 27 53
+7 227 997 95 23
+7 734 566 06 21